#ABINOR0123790910       13  9  0  0  0  2  3 20  0  0 20132100000010000000000079
  5916  7813 13339    90  9957    90333020 3 3 6 0 1 0  0164 14P21/c     440
R=0.0550 
211 0121 0112 0011 0121 6110 6
C  68H  23O  68
C1     -6271   6863  62858 C2    -17044  13572  71761 C3    -41569  19402  67806
C4    -41504  33049  59570 C5    -29541  25834  51255 O1    -17947  -7830  59071
O2    -15935   1208  79583 O3    -52296  26031  75736 O4    -31418  48710  63538
O5     -6692  19977  55370 H1     12162   4260  65384 H2     -6849  24566  75100
H3    -51313   8309  64260 H4    -59309  36111  56198 H5    -39632  15330  47336
H6    -27141  35692  45696 H7     -9483 -13521  54389 H8    -26455  -8285  77232
H9    -56258  16692  79947 H10   -14705  47805  64911
 2 3 4 510 1 2 3 4 1 1 2 3 4 5 5 6 7 8 9
#ABINOR0423851127       13  9  0  0  0  2  3 20  0  0 20132100000010000000000085
  5873  7762 13243    90 10003    90333020 2 2 9 0 2 0167  0 14P21/c     040
R=0.0430 
211 0121 0112 0011 0121 6110 6
C  68H  23O  68
C1     -6018   6836  62920 C2    -16964  13635  71835 C3    -41735  19372  67782
C4    -41765  33104  59466 C5    -29689  25865  51128 O1    -18012  -7914  59052
O2    -15748   1213  79749 O3    -52580  26059  75742 O4    -31509  48860  63510
O5     -6594  20065  55354 H1     12540   4230  65520 H2     -6720  24740  75240
H3    -51560   8170  64190 H4    -59740  36140  56070 H51   -39900  15180  47190
H52   -27420  35720  45500 H1'    -9380 -13610  54300 H2'   -26300  -8440  77360
H3'   -56580  16550  79970 H4'   -14600  47910  64940
 2 3 4 510 1 2 3 4 1 1 2 3 4 5 5 6 7 8 9
#ABINOR0523851127        3  9  0  0  0  0  0  0  0  0  0130000000000000000000085
  5880  7764 13264    90  9990    90333020 3 411 0 4 0  0  0 14P21/c     0 0
R=0.0890 
#ABINOS0133780330       13  9  0  0  0  4  3 20  0  0 20132200000100000000000077
  6514 19453  4836    90    90    90333000 2 4 1 0 0 0162162 19P212121   440
R=0.0350 
211 0121 0112 0211 6101 6110 0011 0121 6110 6011 6101 0112 6
C  68H  23O  68
C1    -25614  41714  19021 C2    -31846  34626  29619 C3    -50147  31985  13306
C4    -67750  37179  14786 C5    -59989  44153   5374 O1    -18517  41002  -8116
O2    -14540  30199  27115 O3    -56098  25464  23669 O4    -75376  37734  42224
O5    -42468  46298  21049 H1    -13653  43920  32467 H2    -36066  35189  51496
H3    -45622  31404  -8515 H4    -79929  35596    644 H51   -71687  48097   8321
H52   -56027  43909 -16706 H21   -13242  45297 -14326 H22   -13424  27370  43787
H23   -59579  22625   7717 H24   -86265  34753  44009
 2 3 4 510 1 2 3 4 1 1 2 3 4 5 5 6 7 8 9
#ABXNIH  33800213       24  9  0  0  0  4  6 51  0  0 56132200000020010000000079
 10997 12683 13369    90    90    90333000 4 5 4 0 0 0134136 19P212121   440
R=0.0810 
211 0121 0112 0211 6101 6110 0011 0121 6110 6011 6101 0112 6
C  68H  16CL 99N  68NI150O  68
NI1    13480   -770  18160 CL1    36740  22590   9390 O1      2040 -12410   2570
O2     21920 -18610   7300 O3      8360  27020   7390 N1     27400   4690  25340
N2     24490 -11400  14300 N3       640  -5290   9860 N4      2130  10380  21500
C1     36780  -3880  27030 C2     35030 -11680  18630 C3     -9880   -690  10780
C4    -10770   6670  19600 C5    -20220  -2870   3970 C6    -19070  16060  17340
C7    -15550    360  28550 C8     44450 -19710  15890 C9     49580    750  26890
C10    34740  -9630  36970 C11     3670  16270  31030 C12    16620  20260  32380
C13    25580  11420  34250 H1     31110   9530  19930 H2      4000  15980  15960
H3    -21250   3500  -1200 H4    -18920  -9750    130 H5    -28280  -2940   7970
H6    -28320  13450  16120 H7    -15960  20390  10930 H8    -19080  21770  23650
H9     -9300  -5630  30870 H10   -23710  -3580  26480 H11   -17780   5590  34810
H12    49890 -21800  21840 H13    49980 -17020  10530 H14    40220 -26650  13070
H15    51500   4960  19770 H16    56070  -4820  28020 H17    51040   6400  33240
H18    40390 -16630  37080 H19    25340 -11760  37860 H20    37130  -4950  43060
H21     1470  10880  37340 H22    -2660  22610  31190 H23    16870  25510  38820
H24    19370  24920  25930 H25    22250   6700  40350 H26    34160  14720  36460
H27    12330 -16240   4530 H28    16180  25910   5890 H29     3470  27140   1630
 6 0 8 75010 1 1 111 7 8 9121313111010 920 6 6 914141415151516161617171718181819
1919202021212222 4 0 512132122 0
#ACAMCL0123820329       13  9  0  0  0  2  5 11  9  0 20132100000010011000000081
  6291  8300  7931    90 11343    90333020 6 7 8 0 4 0  0135 14P21/c     240
R=0.0230 
211 0121 0112 0011 0121 6110 6
C  68H  23CL 99N  68O  68
C1     28671   4650  64137 C2     35888 -10924  73972 N1     14630  14060  68119
O1     36207   9021  52285 CL1        0      0 100000 H1     50000      0  50000
H2     33000 -20590  64420 H3     27070 -13160  82750 H4     54190 -10460  82220
H5     10500  25160  62240 H6      9090  10650  77980 O1B    63793  -9021  47715
C1B    71329  -4650  35863 C2B    64112  10924  26028 N1B    85370 -14060  31881
H2B    67000  20590  35580 H3B    72930  13160  17250 H4B    45810  10460  17780
H5B    89500 -25160  37760 H6B    90910 -10650  22020
 2 7 1 1 0 4 0 2 2 3 3 61213131414141515
#ACEMID0373810319       12  9  0  0  0 18  4  9  0  0 10102200000110000000000080
 11513 11513 12883    90    90   120333000 3 3 4 0 0 0  0  0161R3c      1840
R=0.0170 
211 0121 0112 0211 4121 8112 8211 8121 4112 4101 0201 0112 0021 0011 0112 0
101 4201 8112 8021 4011 8112 8101 8201 4112 4021 8011 4112 4101 0011 0112 6
101 4011 8112 2101 8011 411210021 0121 0112 6211 0201 0112 6021 4121 8112 2
211 4201 8112 2021 8121 411210211 8201 411210
C  68H  23O  68N  68
C1     47665  12990   3599 C2     34109    387   3924 O1     24111    -60   -229
N1     33393 -10004   9090 H1     24290 -18290  10620 H2     41820  -9310  12350
H3     48790  18850  10510 H4     55750  10840   3510 H5     48380  19080  -2980
 2 3 0 2 4 4 1 1 1 0
#ACEMID0403820511        1  0  0  0  0  0  0  0  0  0  0030000000000000000000081
#ACENAP0333870428       22  9  0  0  0  4  2 24 20  0 52132200000020000000000086
  8290 14000  7225    90    90    90333000 4 7 4 0 0 0119122 26Pcm21     440
R=0.0380 
211 0121 0112 0011 0121 0112 6211 0101 0112 0011 0101 0112 6
C  68H  23
C1     46040  41640      0 C2     38270  32950    -20 C3     21200  32710   -130
C4     11960  40910    -61 C5     19630  50000    121 C6     36380  50000     30
C7     63540  44370    -40 C11    28890   8360  66320 C12    25160  17050  58650
C13    17140  17270  41350 C14    12650   9060  31970 C15    16360      0  39670
C16    24300      0  56680 C17    37200   5540  83941 H2     44871  26280   -282
H3     15341  25840   -612 H4     -1411  40460   -202 H71    69701  41580 -12251
H72    69761  41710  12221 H12    28201  23720  65242 H13    14471  24120  35232
H14     6411   9540  18681 H171   31362   8531  95631 H172   49411   8310  84432
C4B    11960  59090    -61 C1B    46040  58360      0 C7B    63540  55630    -40
C3B    21200  67290   -130 H4B    -1411  59540   -202 C2B    38270  67050    -20
H71B   69701  58420 -12251 H72B   69761  58290  12221 H3B    15341  74160   -612
H2B    44871  73720   -282 C14B   12650  -9060  31970 C11B   28890  -8360  66320
C17B   37200  -5540  83941 C13B   17140 -17270  41350 H14B    6411  -9540  18681
C12B   25160 -17050  58650 H171B  31362  -8531  95631 H172B  49411  -8310  84432
H13B   14471 -24120  35232 H12B   28201 -23720  65242
 2 3 4 525 1 1 910111235 8 8 2 3 4 7 7 91011141428 6 730252627272830381314403536
37373840 5 6121326273637
#ACENYL0433860902        8  9  0456  0  0  0  0  0  0  0130000100000000000000085
  7584  7589 27851    90    90    90333000 6 721 0 0 0126126 31P21mn     840
R=0.0690 The structure has three symmetry-unrelated molecular sites - A, B and C
. Site B was found to be totally ordered but sites A and C were disordered. Six 
different molecular orientations related approximately by rotations in the molec
ular plane were located in site A, while for site C two different orientations w
ere found. The major molecular fragment in site A had an occupancy of 0.554 and 
that for site C an occupancy of 0.708. No positions are retained 
#ACETAC0333711231        9  9  0  0  0  4  3  8  0  0  8132200000020000000000071
 13225  3963  5762    90    90    90333000 9 3 3 0 0 0132132 33Pna21     440
R=0.0750 
211 0121 0112 0011 6121 6112 6211 6101 6112 0011 0101 0112 6
C  68H  20O  68
C1     16490  29780  16850 C2      8840  38400  35190 H1     18200   5110 -11630
H2     12770  51020  49100 H3      3270  54020  27860 H4      5310  16830  42070
O1     12750  10960      0 O2     25230  38500  17070
 2 4 7 0 2 2 1 1
#ACETPA0113721221       15  9  0 44  0  1  4 26  0  0 26132100010100000000000072
  9627 11505  6456  9798  9011  6889333222 1 1 1 1 1 1159159  2P-1       440
R=0.0710 =THE METHYL HYDROGEN ATOMS ARE DISORDERED   
211 0121 0112 0
C  68H  20O  68P 105
C1     12940  11445 -18781 C11   -36700  10744 -19270 C12   -45496  19246 -33624
C2      4074  19988 -33116 H1     18539  45727  -8349 H11   -30945  45597  56616
H12    -9327  17940   8918 H13   -48484  41613  17840 H15   -17669   -822 -14808
H2     41412  17007  10133 H3      1736  40782  28507 H5     32002     50 -14206
O1     20905  37303  -3430 O11   -28180  37198  47458 O12   -18628  21645  17090
O13   -38961  41928  12830 O14   -13745  41830  18418 O15   -22765   4742 -25112
O16   -41975   9240  -2972 O2     32215  21321  19100 O3     11441  40467  34253
O4     35713  42193  27010 O5     26976   5408 -24689 O6      7621  10143  -2314
P1     25395  35763  19305 P11   -24633  36097  23927
 4 3 0 013141516182021232526262626 2 2252525 1 1 0 0
#ACNITR2033711231       10  9  0  0  0  4  4  9  1  0 10132100000020000000000068
   872   693   863    90    90    90222000 1 1 1 0 0 0143145 62Pnma      440
R=0.0850 
211 0121 0112 0011 6121 6112 6211 0101 6112 0011 6101 0112 6
CL 99C  68H  20N  68
CL1     9510  25000   -840 CL2    21710  25000 -43760 C1     28870  25000    700
C2     35280  25000  16470 H1     31560  13480  22780 H2     47430  25000  15390
H3     31510  25000 -22660 H4     48730  25000 -10360 N1     36780  25000 -11590
H1B    31560  36520  22780
 3 0 4 5 0 4 9 9 3 4
#ACRECO0123841114       15  9  0  0144  2  4 22  0  0 24132100000030011000000084
  6258 17533 10088    90  9602    90333020 312 7 0 5 0  0  0 14P21/n     040
R=0.1100 Table III: y(C5) is probably 0.0516 rather than 0.516; z(O6) is probabl
y 0.704 rather than 0.784; y(C7) is probably 0.1406 rather than 0.4106   
211 0121 0112 0011 6121 6110 6
C  68H  23O  68RE135
RE1    20200  12610  76120 O1     59700  19020  92200 O2     61200   5400  89500
O3    -13000    830  62500 O4      4800  10550 104500 O5     43600  14660  50700
O6    -13400  25300  70400 C1     40300  29500  83700 C2     43000  20990  85150
C3     41800  -4070  77400 C4     43800   4200  81800 C5      -300   5160  67700
C6      9790  11260  93780 C7     34500  14060  59560 C8     -1000  20790  71210
H11    52300  32400  87100 H12    37600  30600  73500 H13    26900  30800  87500
H21    61100  11800  91600 H31    28000  -6400  81500 H32    36500  -4800  67900
H33    56100  -7200  80600
 9 91112131415 9 011 1 1 1 1 1 8 8 8 2101010 319
#ACYGLY0203711231        3  0124  0  0  0  0  0  0  0  0000000000000000000000057
CONFERENCE ABSTRACT ONLY. RESULTS STATED TO BE CONSISTENT WITH EARLIER WORK BY C
ARPENTER AND DONOHUE J.A.C.S. 72,2315,1950  
#ACYGLY1123750829       11  9  0  0  0  2  4 15  0  0 18132100000000000000000075
  4859 11546 14633    90 13829    90333020 2 5 6 0 0 0  0  0 14P21/c     440
R=0.0450 
211 0121 0112 0011 0121 6110 6
H  23C  68N  68O  68
C1      1140 -28270 -48330 C2       420 -27070 -58730 C3     -1950 -39160 -72710
C4     -5670 -50970 -77730 H1    -26140 -21820 -67110 H2     27420 -22250 -54100
H3     -1990 -45480 -59770 H4      1490 -19060 -37120 H5    -32800 -52120 -86930
H6     10320 -51530 -79570 H7       -40 -57750 -71950 N1     -1650 -38270 -63600
O1       860 -18200 -44310 O2      2010 -37370 -44250 O3       560 -30370 -76910
 2 5 4 9 0 21213 0 4 4 2 1 1 3 312 0
#AEBXNI1023780615       24  9  0 72  0  2  6 48  0  0 52132100010010000000000078
  9692  7575 25586    90 10882    90333020 1 1 3 0 2 0155155 14P21/c     440
R=0.0530 THE PERCHLORATE GROUP IS DISORDERED, REMOVED ATOMS O3',O4',O5',O6'.    
 
211 0121 0112 0011 0121 6110 6
C  68H  23CL 99N  68NI150O  68
NI1    20450  14070  33270 N1     24270  -7670  30520 N2     15230  33660  36480
N3     27140   5080  40490 N4     16250  21860  26120 C1     18650  13340  43850
C2     28110  -5100  25310 C3     20820  12170  22840 O1      9790  37570  24440
C4     28310 -14450  40070 O2     11320  48990  33690 C5     44600  -3060  26590
C6     19760  18120  17170 C7     22540 -20880  21450 C8      4210   3610  42910
C9     14970  31870  41470 C10    34120 -17750  35280 C11    10610  46140  44610
C12    27600  13570  49950 H1      2540  42540  46010 H2      6980  57160  42250
H3     18990  50650  47750 H4     22670  31750  17210 H5      8980  19060  14790
H6     25740  11210  15430 H7      5890  -9080  44870 H8     -1520   1640  38510
H9     -2780  11040  44650 H10    37090  21830  50650 H12    30720    270  51330
H13    10940 -22440  20460 H14    25420 -19750  17710 H15    27270 -33000  23460
H16    50110 -15340  28220 H17    47000   -150  22860 H18    48980   7240  29500
H19    17290 -20310  39010 H20    35230 -20340  43900 H21    45010 -12630  36230
H22    34150 -31820  34360 H23    14190 -13510  29320 H24    37550  10160  41950
H25    10500  44890  29180 CL1    40620 -15520   8680 O3     25050 -19970   6900
O4     41490   3040   8590 O5     50510 -17450  14130 O6     45770 -22960   4550
 2 7 1 1 1 4 8 5 5 4 3 7 8 7 6 3 216 6181818131313151515191914141412121210101717
 2 41145 0444444 6161017
#AEPHOS0223850509       12  9  0  0  0  2  5 16  0  0 16132100000110000000000084
  9015  7745  8788    90 10251    90333020 1 1 2 0 1 0  0  0 14P21/c     440
R=0.0380 
211 0121 0112 0011 0121 6110 6
C  68H  23O  68N  68P 105
P1     23366   2421  11566 O2     36975  -7696  19397 O3     16883  -1434  -5384
O4     10467    717  20889 O5     28804  22109  13346 C6     17964  35296   7341
C7     26311  52133   7048 N8     34736  57299  22864 H9     28305  55123  31218
H10    37063  70517  22750 H11    45019  50699  26121 H12     -250   1016  14309
H13     9690  36234  14800 H14    11967  32133  -4551 H15    18163  62297   2433
H16    34367  51254   -608
 2 0 1 1 1 5 6 7 8 8 8 4 6 6 7 7
#AGLYSL0123760920       13  9  0  0  0  2  5 21  0  0 20132100000010000000000076
  8262 10073  8632    90  9266    90333020 7 8 8 0 5 0173174 14P21/c     440
R=0.0640 
211 0121 0112 0011 0121 6110 6
H  23S 102C  68N  68O  68
C1     36250  10930 -22890 C2     37110  -4020 -22410 H1     37600  12310 -46680
H10   -14410  28070  38560 H2     55410  14720 -36770 H3     40460  26270 -37320
H4     23650  13820 -22270 H5     42880  14970 -13090 H6     31620  -2430   -760
H7    -13310  19390  55430 H8      2850  19930  44710 H9     -3280  33410  54410
N1     42870  16240 -37050 N2     -7140  25010  48010 O1       660   3130  20140
O2     27340   8260  11750 O3     23390 -10620  28350 O4     20960  11790  38220
O5     34660  -9280  -8860 O6     39750 -10780 -33680 S1     17830   3080  24830
 21913141313 1 119141414 1 021212121 0 2
#AHOXLH0433890731       12  9  0 24  0  4  4 14  4  0 18132100010010000000000089
 11237 12341  6901    90    90    90333000 1 2 1 0 0 0161161 62Pnma      840
R=0.0325 Disordered ammonium ion 
211 0121 0112 0011 6121 6112 6211 0101 6112 0011 6101 0112 6
C  68H  23N  68O  68
O1     47874  60252  16209 O2     41016  44943  29367 O3     70029  52974  18748
O4     63594  37546  31685 O5     20820  25000  64808 N1     33299  25000   1155
N2     44534  25000  50234 C1     49092  51090  23240 C2     61840  46418  24984
H1     78450  49620  20060 H2     15630  18750  63800 H4     27560  21340  10840
H5     39650  30910  -2140 H9     44771  32211  41092 H2B    15630  31250  63800
H4B    27560  28660  10840 H5B    39650  19090  -2140 H9B    44771  17789  41092
 8 8 9 9111214 9 0 3 0 0 6 0 5 6 6 7
#AHXGLP  33770722       14  9  0  0  0  4  4 22  0  0 24132200000110000000000077
  7804 14671  6236    90    90    90333000 816 8 0 0 0149150 19P212121   440
R=0.0560 
211 0121 0112 0211 6101 6110 0011 0121 6110 6011 6101 0112 6
C  68H  23O  68N  68
N1    -43390 -47700   4980 C1    -61800 -40080  49600 C2    -44000 -43400  43320
C3    -39480 -40360  20270 C4    -47490 -31030  14150 C5    -64870 -29500  24640
C6    -78230 -36810  19940 O1    -74100 -43810  35160 O2    -32610 -39890  58820
O4    -36390 -23760  19390 O5    -62900 -30560  47440 H8    -55470 -49820   6040
H9    -41680 -45450 -10220 H10   -21870 -43550  57820 H11   -31970 -24440  33770
H1    -65110 -41990  66210 H2    -44090 -50900  43630 H3    -25530 -39260  19880
H4    -49040 -30820  -3360 H5    -69490 -22590  21640 H6    -77530 -39530   3600
H7    -91030 -34230  23010
 4 3 4 5 6 7 8 2 3 5 2 1 1 910 2 3 4 5 6 7 7 611
#ALOXAN0143830901        3  9  0  0  0  0  0  0  0  0  0100000000000000000000083
  5841  5841 13853    90    90    90333000 1 1 3 0 0 0  0  0 92P41212    4 0
R=0.0480 
#ALOXAN0243830901        3  9  0  0  0  0  0  0  0  0  0100000000000000000000083
  5841  5841 13853    90    90    90333000 1 1 3 0 0 0  0  0 92P41212    4 0
R=0.0380 
#ALOXAN1143851127       11  9  0  0  0  8  4  8  4  0 12132200000110000000000085
  5841  5841 13853    90    90    90333000 1 1 3 0 0 0193  0 92P41212    440
R=0.0290 
211 0121 0112 0101 6211 6112 3011 0101 0112 6121 6011 6112 9121 0211 0110 0
211 6101 6110 9101 0011 0110 6011 6121 6110 3
C  68H  23O  68N  68
N1     14559  -6589  -5820 C2     -4680  -4680      0 C5     29927  29927      0
C6     32135   8753  -6449 O2    -19367 -19367      0 O5     44422  44422      0
O6     48677   6297 -11651 H1     14838 -20364 -10361 N1D    -6589  14559   5820
C6D     8753  32135   6449 H1D   -20364  14838  10361 O6D     6297  48677  11651
 2 9 4 1 2 3 4 110 3 910
#ALOXAN1243851127       11  9  0  0  0  8  4  8  4  0 12132200000110000000000085
  5850  5850 13913    90    90    90333000 1 1 3 0 0 0193  0 92P41212    440
R=0.0320 
211 0121 0112 0101 6211 6112 3011 0101 0112 6121 6011 6112 9121 0211 0110 0
211 6101 6110 9101 0011 0110 6011 6121 6110 3
C  68H  23O  68N  68
N1     14489  -6532  -5821 C2     -4688  -4688      0 C5     29840  29840      0
C6     32026   8796  -6458 O2    -19306 -19306      0 O5     44318  44318      0
O6     48473   6347 -11651 H1     14704 -20268 -10347 N1D    -6532  14489   5821
C6D     8796  32026   6458 H1D   -20268  14704  10347 O6D     6347  48473  11651
 2 9 4 1 2 3 4 110 3 910
#AMBACO0733850920       18  9  0  0  0  4  4 34  0  0 34132200000010000000000085
 12864 10790  9314    90    90    90333000 2 2 1 0 0 0140140 33P21cn     840
R=0.0480 
211 0121 0112 0211 0101 6112 6211 6121 6110 6211 6101 0110 0
C  68H  23O  68N  68
C1     13580   8730  20360 C2     16900   4520  33980 C3     16560  -8240  37520
C4     13290 -16990  26960 C5     10150 -12760  13960 C6     10130   -130  10230
C7      6090   3670  -4100 N1     14110  21350  17670 O1      6810  14310  -8080
O2      2340  -4980 -12280 H2     18971  10541  41331 H3     18991 -10681  48161
H4     12821 -26200  29931 H5      7360 -19760   6070 H6     10000  23790   8230
H7     11420  26240  26310 H8       -50  -1600 -22191 C11    36090  41760  20220
C12    32740  46260  33480 C13    33050  58720  36070 C14    37010  66840  25810
C15    40210  62260  12610 C16    39680  49520   9650 C17    42960  45050  -4830
N11    35630  28440  17830 O11    42410  33600  -7780 O12    46460  53020 -13920
H12    29780  39920  41620 H13    30550  63220  46750 H14    37170  77230  27921
H15    42680  68350   4210 H16    38880  26820   7780 H17    39100  23310  26111
H18    27830  25060  17360
 2 3 4 5 6 1 6 1 7 7 2 3 4 5 8 8101920212223182318242419202122252525
#AMBONC0123720621       22  9  0  0  0  2  6 43  0  0 50132100000000010000000071
  1274  1079  1181    90   925    90222010 2 2 2 0 2 0  0  0 14P21/c     440
R=0.0550 
211 0121 0112 0011 0121 6110 6
C  68H  20CL 99N  68NI140O  68
CL1    47292  -3430  20610 C1    -23300 -25860  10860 C2    -16550  17550 -17240
C3    -11440  19140   3210 C4    -32510 -25130   2320 C5    -20230  21360  -5530
C6    -19630 -37770  15950 C7     -2280  27720   4800 C8    -41810 -32900   5940
C9    -29060 -29220  -9270 C10   -23970  34710  -5780 H1    -35550 -28920 -15410
H2    -14210   7880 -17260 H3    -22860  18890 -23590 H4    -10000  23040 -19550
H5    -30560  35730 -11780 H6    -26570  37590   2450 H7    -17760  40950  -8310
H8    -12950 -36460  21540 H9    -25430 -41940  20650 H10   -17860 -44160   9750
H11   -40810  -9840   7730 H12   -22710 -23530 -12100 H13   -39190  -9790  -5850
H14   -33900  11270  -9270 H15   -33380  17340   3610 H17   -44160  14940  19440
H18   -43090  29060  20470 H19   -26130 -38550  -9060 H20     3420  24230   9360
H21      -20  31310  -2470 H22    -3870  34720   8990 H23   -48390 -31660    -90
H24   -39950 -42570   6230 H25   -44270 -30290  14330 NI1   -23687  -1373   5304
N1    -18640 -15430  12900 N2    -12180   8910   8730 N3    -35510 -11750   1710
N4    -28970  13030  -2370 O1    -10240 -15120  20060 O2     -4550   5860  16480
O3    -40500  21780  16780
 0 5 6 6 911 2 433 51610 3 3 3 01111 7 7 73910394040434310 8 8 8 0 9 937 2 4 5 6
3738 0363836393640 0
#AMBONI  23801028       22  9  0  0  0  2  7 44  0  0 46132200000020000000000080
 11033 12940  5862    90 10197    90333020 4 5 2 0 1 0142142  4P21       240
R=0.0810 
211 0121 0112 0011 0121 6110 0
C  68H  23O  68N  68CL 99NI150D  23
NI1    69970  23650  29340 CL1    84910  40230  82480 N1     78080  12500  46200
N2     53940  18780  26330 N3     86370  28740  32620 N4     62370  34980  11420
C1     89850  11770  48530 C2     45110  23690  12470 C3     95630  20180  36540
C4     49100  33090    680 C5     97290   2910  60170 C6     32120  19940   8290
C7    107860  23980  51150 C8     97350  16200  13050 C9     41380  42500   4410
C10    47860  31050 -25010 O1     72310   4940  55550 O2     51340  10340  37420
O3     32130   2760  57620 D13    87640  33240  18940 D23    87550  33320  47400
D14    67290  36890   -930 D24    63100  41360  22300 D5     62890   6800  48940
D10    38560   6180  50650 D20    26880   -450  44180 H15    92590  -1460  70540
H25   104710   5180  72160 H35    99770  -1630  48090 H16    26340  24280  -3860
H26    31400  12610   1710 H36    29090  19530  23180 H17   114610  17630  53790
H27   106850  26800  67620 H37   111660  30120  41770 H18    88530  14020   2000
H28   103190   9520  15290 H38   101230  22160   4050 H19    41790  43900  22090
H29    32050  41560  -4300 H39    44990  49220  -2600 H110   53700  24390 -28060
H210   51200  37690 -33720 H310   38960  28830 -33670
 3 0 7 1 1 1 9 4 5 6 7 8 9 91010 3 425 5 5 6 617 0191111111212121313131414141515
15161616 810
#AMBXPT1013771213       28  9  0204  0  1  7 55  0  0 60132100010010011000000077
 12150 12549  6561  9501 10467  9872333222 2 2 2 1 1 1182183  2P-1       240
R=0.0740 ONE OF THE OXYGEN POSITIONS, O4, IS HALF OCCUPIED BY A CHLORINE ATOM. T
HIS ATOM ENTERED AS X1. THE POSITION OF CL1 HAS OCCUPANCY OF 0.5. AS A RESULT TH
E HYDROGEN ATOMS OF O5 AND O6 ARE DISORDERE AS WELL  
211 0121 0112 0
C  68H  23O  68N  68CL 99PT150X  68
PT1     7270 -23990   4540 CL1        0      0  50000 N1       950 -36410  17450
N2     22860 -27690   7040 N4     14470 -11420  -8590 N3     -8570 -20190   5180
O1      7760 -43420  25920 O2     26060 -35600  18530 C1     -9760 -37960  17840
C2     29840 -22190  -1670 C3    -16820 -30110   6950 C4     24830 -14020 -15380
C5    -14800 -47300  27310 C6     41820 -24280     60 C7    -23410 -35480 -15690
C8    -25070 -26660  19230 C9     33390  -3540 -13180 C10    20780 -19380 -38480
H23    16060 -40290  23320 H22    16930  -4840   3080 H21     8940  -9100 -21330
H19   -12440 -16400  -7030 H20    -6870 -14750  18630 H16   -23390 -49370  21630
H17   -12210 -46020  43430 H18   -11460 -54110  23990 H4     47640 -19500  13510
H6     42240 -32440   1520 H5     44650 -22160 -13140 H7    -17680 -37440 -24500
H8    -28880 -43110 -15370 H9    -28810 -30320 -23840 H1    -29720 -20890  11320
H2    -31380 -33550  19870 H3    -20410 -22680  35240 H13    36750    260   3380
H14    40800  -4970 -19270 H15    29290   2180 -22480 H10    27890 -21940 -43670
H11    14190 -26670 -40230 H12    17280 -13850 -49030 O3     18950   6900  25610
H25    27190   8170  33180 H24    14540   4800  35300 O5     46710 -34100  49480
H29    39260 -34290  39150 H28    50230 -26570  52170 H33    46350 -38350  59580
X1     43940   9590  44000 H27    47330   5680  46440 H26    46540  18620  46030
O6     46200  49370 -22810 H30    46280  55560 -29760 H32    48700  50290  -8560
H31    48110  44250 -30620
 3 0 7 1 1 119 4 3 4 6 5 91011111212 0 5 5 6 61313131414141515151616161717171818
1843 04246 0454550 04953 05252 9111012 0
#AMCLPY1123760503       11  9  0  0  0  2  4 13  0  0 16132100000110000000000076
134370  5763 75123    90105512    90434030 6 5 6 0 0 0  0151 14P21/c     440
R=0.0600 
211 0121 0112 0011 0121 6110 6
H  23CL 99C  68N  68
CL1     7764  18376  36227 C2     35434  63721  54789 C3     25910  71625  57049
C4     17255  58036  51081 C5     18256  36653  43232 C6     27800  30051  41380
H1     50650  70810  57600 H2     44050  91280  66800 H3     25420  88380  63250
H4      9870  63790  52630 H6     28750  13470  35180 N1     36245  43255  46963
N2     44123  76689  60247
 5 3 4 5 6111313 3 4 0 2 2 612 0
#AMECOP0123861120       30  9  0120  0  2  6 36 30  0 80132100010010011000000086
 12059  8700 16477    90 12186    90333020 9 714 0 3 0  0  0 13P2/c      240
R=0.0570 Occupancy factors for N and C in ligand are 0.77(1) and 0.23(1) resp.; 
perchlorate group and water are also disordered  
211 0121 0112 0011 0121 0110 6
C  68H  23O  68N  68CL 99CO133
CO1   -20530  26440  22160 C11   -13590  44960  37830 C12   -10300  54290  31610
C21   -36050  31060   2410 C22   -22400  27680   4730 C31   -23680  -2680  28110
C32    -9350  -1260  31420 N1    -24540  34610  31340 N2    -34650  37430  11300
N31   -30850   7910  19590 O1     -9890  44120  25030 O2    -15950  19170  13400
O31    -6360  14860  32440 O41   -20310  16430  49030 O42   -37930   7860  50030
O43   -38530  30821  43110 O44   -25461  27301  59150 CL1   -30670  20590  50200
H1         0  44000  25000 H2     -4710  17300  15850 H11   -25350  26400  35390
H12   -33030  40800  28170 H21   -31800  48660  11970 H22   -43420  37460  10870
H314  -39950   9500  18570 H324  -32060   3030  13600 H111  -16140  52290  42030
H112   -5240  37700  42720 H121    -810  60180  35930 H122  -17840  63100  27640
H211  -41870  20340    520 H212  -41120  39130  -3530 H221  -17130  38480   5590
H222  -22690  20870  -1030 H311  -27080 -14390  26140 H321   -3070  -7021  38420
H2A     4710  17300  34150 O1A     9890  44120  24970 O31A    6360  14860  17560
O2A    15950  19170  36600 CO1A   20530  26440  27840 C12A   10300  54290  18390
C32A    9350  -1260  18580 C22A   22400  27680  45270 N1A    24540  34610  18660
N2A    34650  37430  38700 N31A   30850   7910  30410 C11A   13590  44960  12170
H121A    810  60180  14070 H122A  17840  63100  22360 C31A   23680  -2680  21890
H321A   3070  -7021  11580 C21A   36050  31060  47590 H221A  17130  38480  44410
H222A  22690  20870  51030 H11A   25350  26400  14610 H12A   33030  40800  21830
H21A   31800  48660  38030 H22A   43420  37460  39130 H314A  39950   9500  31430
H324A  32060   3030  36400 H111A  16140  52290   7970 H112A   5240  37700   7280
H311A  27080 -14390  23860 H211A  41870  20340  49480 H212A  41120  39130  53530
 8 311 512 713 2 1 1 1 1 118181818 01112 8 8 9 91010 2 2 3 3 4 4 5 5 6 713192037
3838394041414142424243434444444545464647474848515353 4 9 61039414041454846534751
#AMNACT0123771006       63  9  0  0460  2  4 41 99  0152132100000001011090000077
  1110  1751   909    90 11862    90222020 1 2 1 0 5 0  0  0 14P21/c     340
R=0.0500 H(6) z 0.4803, not 0.4893. In BOND-table the following bonds should be 
changed : 1) C(2)-O(2) should read C(1)-O(2) 2) OW(10)-H(12) should read OW (10)
-H(9) 3) OW(10)-H(13) should read OW(10)-H(10) 4) OW(12)-H(10) should read OW(12
)-H(4) 5) OW(12)-H(11) should read OW(12)-H(5) 6) C(6)-H(7) should read C(6)-H(1
1) 7) C(6)-H(8) should read C(6)-H(12) 8) C(6)-H(9) should read C(6)-H(13) 9) C(
4)-H(4) should read C(4)-H(8) 10) C(4)-H(5) should read C(4)-H(7)    
211 0121 0112 0011 0121 6110 6
C  68H  23O  68MN135
MN1        0      0      0 MN2     2010  20180  -6790 C1      1340  14140  23910
C2       270   8680  36090 C3     21930   7990  -8760 C4     33940   6320 -11500
C5     19870  -8900  34060 C6     32150  -7910  51360 O1       980  11560  10480
O2      2410  28910 -23110 O3     17450  14710 -11160 O4    -17200  -2600   4060
O5     16390  -3320  24170 O6    -13660  15180 -30460 O7     20550  25490  14750
O8    -16350  25390  -7040 O9     42920  31790  12860 O10    61240  19720  14970
O11    67130  37760  41240 O12    33300  10600  33070 H1     -7440   5680  31340
H2       740  11350  45990 H3      5960   4460  38380 H4     28980  14160  25180
H5     27660   6120  29270 H6     42750   7910  -1970 H7     35380    530 -12720
H8     33500   9030 -21230 H9     62210  17390   6070 H10    54640  22960  11750
H11    37100 -12200  55400 H12    38070  -3680  52070 H13    29670  -7200  59620
H14    71290  42690  43790 H15    73860  34330  42230 H16   -15390  28510   2760
H17   -23580  27460 -16930 H18    39440  34950   2010 H19    49690  34340  21050
H20    19350  28280  23450 H21    28040  27760  13700 O1B     -980 -11560 -10480
O4B    17200   2600  -4060 O5B   -16390   3320 -24170 O2C     2410  21090  26890
C1C     1340  35860 -26090 C3B   -21930  -7990   8760 O6B    13660 -15180  30460
C5B   -19870   8900 -34060 MN2B   -2010 -20180   6790 C1B    -1340 -14140 -23910
MN2C    2010  29820  43210 C2C      270  41320 -13910 O1C      980  38440 -39520
C4B   -33940  -6320  11500 O3B   -17450 -14710  11160 C6B   -32150   7910 -51360
O2B    -2410 -28910  23110 O7B   -20550 -25490 -14750 O8B    16350 -25390   7040
C2B     -270  -8680 -36090 O2A    -2410 -21090 -26890 O1C      980  38440  60480
O3C    17450  35290  38840 O6C   -13660  34820  19540 O7C    20550  24510  64750
O8C   -16350  24610  42960 H1C    -7440  44320 -18660 H2C      740  38650  -4010
H3C     5960  45540 -11620 MN1A       0  50000 -50000 MN2C    2010  29820 -56790
H6B   -42750  -7910   1970 H7B   -35380   -530  12720 H8B   -33500  -9030  21230
H11B  -37100  12200 -55400 H12B  -38070   3680 -52070 H13B  -29670   7200 -59620
C1A    -1340 -35860  26090 H20B  -19350 -28280 -23450 H21B  -28040 -27760 -13700
H16B   15390 -28510  -2760 H17B   23580 -27460  16930 H1B     7440  -5680 -31340
H2B     -740 -11350 -45990 H3B    -5960  -4460 -38380 MN2A   -2010 -29820 -43210
C3C    21930  42010  41240 C5A   -19870  41100  15940 H20C   19350  21720  73450
H21C   28040  22240  63700 H16C  -15390  21490  52760 H17C  -23580  22540  33070
O1A     -980  61560 -60480 O4A    17200  47400 -54060 O4C   -17200  52600 -45940
O5A   -16390  46680 -74170 O5C    16390  53320 -25830 C2A     -270 -41320  13910
O1A     -980 -38440  39520 O1A     -980 -38440 -60480 O3A   -17450 -35290 -38840
O6A    13660 -34820 -19540 O7A   -20550 -24510 -64750 O8A    16350 -24610 -42960
C4C    33940  43680  38500 O4A    17200  47400  45940 C6A   -32150  42090  -1360
O5A   -16390  46680  25830 MN2A   -2010  70180 -43210 C1A    -1340  64140 -73910
C3C    21930  42010 -58760 C3A   -21930  57990 -41240 C5A   -19870  41100 -84060
C5C    19870  58900 -15940 H1A     7440 -44320  18660 H2A     -740 -38650   4010
H3A    -5960 -45540  11620 C3A   -21930 -42010 -41240 C5C    19870 -41100 -15940
H20A  -19350 -21720 -73450 H21A  -28040 -22240 -63700 H16A   15390 -21490 -52760
H17A   23580 -22540 -33070 H6C    42750  42090  48030 H7C    35380  49470  37280
H8C    33500  40970  28770 H11A  -37100  37800  -5400 H12A  -38070  46320  -2070
H13A  -29670  42800  -9620 C4A   -33940  56320 -38500 O3A   -17450  64710 -38840
C6C    32150  57910   1360 O6A    13660  65180 -19540 H6A   -42750  57910 -48030
H7A   -35380  50530 -37280 H8A   -33500  59030 -28770 H11C   37100  62200   5400
H12C   38070  53680   2070 H13C   29670  57200   9620
  9  9  4 21  6 26  8 31  3  2  2  1  1  2  2  2 38 29 34 24  0  4  4  0 20  0
  6  6  0 18  0  8  8  0 19 16 16  0 17 15 15  1  1  1  3 10 12  7 14 42 42 45
 46 46 47 47 49 50 50 50 51 51 52 52 52 52 52 53 53 53 54 54 55 55 55 57 57 57
 58 59 59 60 60 61 61 61 62 64 65 66 66 67 67 71 71 71 71 71 79 79 87 87 87 87
 87 88 88 89 89 94 94 95 96 97 98 99 99 99102103104104105105106106106108108108
113113115115131131131133133133  5 11  5 43  7 13 44 49 48 50 50 56
#AMOXAD0133730416       14  9128116  0  4  4 10  4  0 14132200010010000000
